100 61 11
1 1 2
1 3 4
1 5 6
1 7 4
1 8 9
1 2 6
1 10 11
1 12 2
2 8 10 2
2 13 2 11
2 14 15 1
2 16 1 2
2 17 12 3
2 18 19 6
2 20 21 9
2 4 1 11
2 22 1 2
2 10 1 6
3 15 16 1 2
3 23 24 2 11
3 25 26 3 2
3 27 14 28 4
3 29 13 10 1
3 30 2 6 9
3 31 32 33 2
3 20 3 1 6
3 34 23 7 2
3 35 36 12 2
3 37 38 39 2
3 29 23 26 3
3 40 41 3 1
3 42 4 1 9
3 14 3 1 2
3 38 21 2 19
3 15 1 2 19
3 17 10 4 6
3 43 2 19 9
3 31 30 19 6
3 44 1 2 11
3 7 45 2 6
3 46 3 1 6
3 47 22 7 12
3 15 44 1 2
3 17 16 1 2
3 48 49 28 19
3 16 26 2 11
3 25 26 1 2
3 26 1 2 9
3 12 26 4 9
3 50 51 10 11
3 52 12 6 9
3 53 24 2 19
3 47 54 10 26
3 10 4 1 9
3 20 10 26 19
3 55 3 2 19
3 56 1 19 9
3 48 23 7 3
3 22 21 6 11
3 55 12 2 6
3 32 13 16 9
3 12 1 2 6
3 20 39 4 2
3 16 24 9 11
3 57 16 3 9
4 24 1 2 9 11
4 17 47 26 19 9
4 53 10 1 2 9
4 48 1 19 6 11
4 50 10 4 19 9
4 5 1 19 6 9
4 46 43 22 15 1
4 47 24 1 6 11
4 50 39 7 26 19
4 58 18 59 24 4
4 29 42 4 6 9
4 35 25 26 2 9
4 32 44 1 19 6
4 29 13 16 26 19
4 41 21 3 19 6
4 25 13 26 2 19
4 51 49 10 4 2
4 16 1 6 9 11
4 34 4 1 6 9
4 42 38 2 19 9
4 20 52 24 1 9
5 18 22 16 1 2 19
5 8 55 7 5 21 4
5 23 13 18 3 1 19
5 37 15 10 1 6 11
5 38 16 24 4 1 19
5 22 16 3 2 6 9
5 32 24 1 2 9 11
5 50 37 10 1 2 11
5 60 35 59 1 2 6
5 24 3 4 1 2 19
5 61 39 55 26 2 9
5 18 26 3 2 19 11
5 41 33 1 2 9 11
5 48 30 21 4 1 19
126
46
80
36
9
25
21
3
56
14
18
16
18
3
6
24
4
5
26
15
6
18
10
20
4
45
1
4
4
6
6
8
2
12
6
5
6
4
12
1
6
6
4
6
2
2
8
4
2
4
4
8
6
3
4
2
2
1
2
3
5