102 429 11
1 1 2
1 3 4
1 5 6
1 7 8
1 9 10
1 11 12
1 13 14
1 15 16
2 17 18 19
2 20 21 22
2 23 24 25
2 26 27 28
2 29 30 31
2 32 33 34
2 35 36 37
2 38 39 40
2 41 42 43
3 44 45 46 47
3 48 49 50 51
3 52 53 54 55
3 56 57 58 59
3 60 61 62 63
3 64 65 66 67
3 68 69 70 71
3 72 73 74 75
3 76 77 78 79
3 80 81 82 83
3 84 85 86 87
3 88 89 90 91
3 92 93 94 95
3 96 97 98 99
3 100 101 102 103
3 104 105 106 107
3 108 109 110 111
3 112 113 114 115
3 116 117 118 119
3 120 121 122 123
3 124 125 126 127
3 128 129 130 131
3 132 133 134 135
3 136 137 138 139
3 140 141 142 143
3 144 145 146 147
3 148 149 150 151
3 152 153 154 155
3 156 157 158 159
3 160 161 162 163
3 164 165 166 167
3 168 169 170 171
3 172 173 174 175
3 176 177 178 179
3 180 181 182 183
3 184 185 186 187
3 188 189 190 191
3 192 193 194 195
3 196 197 198 199
3 200 201 202 203
3 204 205 206 207
3 208 209 210 211
3 212 213 214 215
3 216 217 218 219
3 220 221 222 223
3 224 225 226 227
3 228 229 230 231
3 232 233 234 235
3 236 237 238 239
3 240 241 242 243
3 244 245 246 247
3 248 249 250 251
4 252 253 254 255 256
4 257 258 259 260 261
4 262 263 264 265 266
4 267 268 269 270 271
4 272 273 274 275 276
4 277 278 279 280 281
4 282 283 284 285 286
4 287 288 289 290 291
4 292 293 294 295 296
4 297 298 299 300 301
4 302 303 304 305 306
4 307 308 309 310 311
4 312 313 314 315 316
4 317 318 319 320 321
4 322 323 324 325 326
4 327 328 329 330 331
4 332 333 334 335 336
4 337 338 339 340 341
4 342 343 344 345 346
4 347 348 349 350 351
5 352 353 354 355 356 357
5 358 359 360 361 362 363
5 364 365 366 367 368 369
5 370 371 372 373 374 375
5 376 377 378 379 380 381
5 382 383 384 385 386 387
5 388 389 390 391 392 393
5 394 395 396 397 398 399
5 400 401 402 403 404 405
5 406 407 408 409 410 411
5 412 413 414 415 416 417
5 418 419 420 421 422 423
5 424 425 426 427 428 429
135
52
6
28
4
50
52
28
16
15
22
52
135
52
90
34
4
16
52
4
8
135
5
22
90
21
7
50
21
135
52
16
135
28
24
6
28
4
34
50
52
28
15
8
20
135
52
4
33
90
52
4
15
16
135
10
52
28
50
21
90
135
28
18
14
24
52
8
10
22
52
4
14
33
90
6
34
135
50
5
7
52
21
8
135
52
21
5
16
34
28
9
10
21
28
24
4
52
28
3
90
135
28
6
21
24
22
5
20
135
52
20
33
52
15
4
33
135
52
22
33
34
50
2
4
16
15
6
18
52
21
16
34
135
50
21
16
33
21
3
90
52
21
2
135
21
50
2
14
24
90
21
7
28
15
3
22
52
28
8
15
20
50
22
135
52
28
21
9
34
52
20
18
50
15
2
20
90
50
4
22
16
52
15
16
52
15
4
8
135
52
22
20
90
135
5
5
21
28
21
7
135
50
21
34
135
15
16
135
52
28
8
20
135
52
14
18
52
15
4
33
90
52
1
4
2
34
4
15
16
135
10
52
28
50
9
8
2
52
21
90
135
28
18
14
24
52
8
10
22
52
18
135
52
50
15
6
16
135
52
50
2
16
34
21
50
3
4
21
8
135
6
18
135
28
15
1
5
2
18
34
8
4
33
52
50
8
6
135
21
28
6
7
90
21
28
4
1
16
34
52
18
34
135
28
50
6
5
52
21
50
21
4
18
135
50
2
14
5
9
52
6
4
33
90
135
1
6
34
135
50
4
90
135
52
21
5
8
7
135
52
5
16
34
21
28
4
52
21
28
50
5
21
20
135
52
21
14
15
5
90
135
21
5
20
18
34
135
21
8
18
135
52
50
15
3
8
2
135
52
28
5
9
3
33
52
50
5
33
90
52
21
15
6
2
135
52
50
15
2
10
7
34
135
21
9
10
52
21
28
15
24
6
4
135
52
28
3
21
24
90
135
28
6
8
22
6
135
52