103 431 11
1 1 2
1 3 4
1 5 6
1 7 8
1 9 10
1 11 12
1 13 14
1 15 16
2 17 18 19
2 20 21 22
2 23 24 25
2 26 27 28
2 29 30 31
2 32 33 34
2 35 36 37
2 38 39 40
3 41 42 43 44
3 45 46 47 48
3 49 50 51 52
3 53 54 55 56
3 57 58 59 60
3 61 62 63 64
3 65 66 67 68
3 69 70 71 72
3 73 74 75 76
3 77 78 79 80
3 81 82 83 84
3 85 86 87 88
3 89 90 91 92
3 93 94 95 96
3 97 98 99 100
3 101 102 103 104
3 105 106 107 108
3 109 110 111 112
3 113 114 115 116
3 117 118 119 120
3 121 122 123 124
3 125 126 127 128
3 129 130 131 132
3 133 134 135 136
3 137 138 139 140
3 141 142 143 144
3 145 146 147 148
3 149 150 151 152
3 153 154 155 156
3 157 158 159 160
3 161 162 163 164
3 165 166 167 168
3 169 170 171 172
3 173 174 175 176
3 177 178 179 180
3 181 182 183 184
3 185 186 187 188
3 189 190 191 192
3 193 194 195 196
3 197 198 199 200
3 201 202 203 204
3 205 206 207 208
3 209 210 211 212
3 213 214 215 216
3 217 218 219 220
3 221 222 223 224
3 225 226 227 228
3 229 230 231 232
3 233 234 235 236
3 237 238 239 240
3 241 242 243 244
3 245 246 247 248
3 249 250 251 252
3 253 254 255 256
3 257 258 259 260
3 261 262 263 264
4 265 266 267 268 269
4 270 271 272 273 274
4 275 276 277 278 279
4 280 281 282 283 284
4 285 286 287 288 289
4 290 291 292 293 294
4 295 296 297 298 299
4 300 301 302 303 304
4 305 306 307 308 309
4 310 311 312 313 314
4 315 316 317 318 319
4 320 321 322 323 324
4 325 326 327 328 329
4 330 331 332 333 334
4 335 336 337 338 339
4 340 341 342 343 344
4 345 346 347 348 349
4 350 351 352 353 354
4 355 356 357 358 359
5 360 361 362 363 364 365
5 366 367 368 369 370 371
5 372 373 374 375 376 377
5 378 379 380 381 382 383
5 384 385 386 387 388 389
5 390 391 392 393 394 395
5 396 397 398 399 400 401
5 402 403 404 405 406 407
5 408 409 410 411 412 413
5 414 415 416 417 418 419
5 420 421 422 423 424 425
5 426 427 428 429 430 431
135
56
4
38
16
15
26
56
135
56
105
34
135
56
105
34
4
16
56
7
26
105
21
135
56
36
6
29
56
29
15
36
6
29
4
34
38
56
29
15
7
24
135
56
6
18
16
135
21
105
135
29
18
16
36
56
6
16
30
105
6
34
135
38
5
5
56
20
7
16
34
29
36
6
56
29
8
21
36
26
7
24
135
56
24
30
56
15
26
30
34
38
3
16
56
20
21
16
30
20
2
105
56
20
2
16
36
105
2
26
56
29
8
18
24
38
26
135
56
29
24
16
38
15
2
24
105
38
18
16
56
15
26
24
105
135
7
4
20
29
21
5
135
38
21
34
135
15
16
135
56
29
7
24
135
56
16
16
56
15
3
30
105
56
2
5
4
34
6
18
16
135
8
56
29
38
9
8
2
56
21
105
135
29
18
16
36
56
8
10
26
56
4
26
16
56
18
16
56
15
5
7
135
56
26
24
105
135
7
4
20
29
21
5
135
38
21
34
135
15
16
135
56
29
7
24
135
56
16
16
56
15
3
30
105
56
2
5
4
34
6
18
16
135
8
56
29
38
9
8
2
56
21
105
135
29
18
16
36
56
8
10
26
56
16
135
56
38
15
1
16
34
20
38
8
16
135
29
15
8
3
30
56
38
8
10
135
20
29
2
1
16
34
56
6
5
56
20
38
21
4
16
135
38
4
6
30
105
135
5
105
135
56
20
7
16
34
20
29
4
56
20
29
38
2
16
5
3
56
4
6
30
105
135
1
6
34
135
38
5
105
135
56
20
5
7
5
135
56
7
16
34
20
29
4
56
20
29
38
4
21
24
135
56
20
5
24
16
34
135
20
3
8
1
135
56
29
4
30
105
56
20
15
2
8
5
34
135
20
36
10
6
135
56
29
2
21
36
105
135
29
8
7
26
10
135
56
9
8
56
20
29
15
36
10
6
135
56
29
2
21
36
105
135
29
8
7
26
10
135
56