0 0 0.0 in 90 1.51 bs 0 0.0 398 372 93.47 282 70.85
1 1 79.0 in 1 1.0 bs 1 1.0 4 4 100.0 3 75.0
2 2 23.0 in 2 1.0 bs 2 1.0 4 4 100.0 1 25.0
3 3 84.0 in 2 1.0 bs 2 1.0 4 4 100.0 3 75.0
4 4 57.99999999999999 in 2 1.0 bs 2 1.0 4 4 100.0 1 25.0
5 5 67.0 in 4 1.04 bs 4 1.0 8 8 100.0 7 87.5
6 6 90.0 in 8 1.02 bs 6 1.0 20 20 100.0 10 50.0
7 7 72.0 in 12 1.07 bs 12 1.01 32 29 90.63 17 53.13
8 8 26.0 in 16 1.03 bs 9 0.22 44 42 95.45 11 25.0
9 9 68.0 in 19 0.35 bs 11 0.16 80 73 91.25 50 62.5
0 0 0.0 in 90 1.51 s1 0 0.0 398 336 84.42 245 61.56
1 1 79.0 in 1 1.0 s1 1 1.0 4 2 50.0 0 0.0
2 2 23.0 in 2 1.0 s1 2 1.0 4 4 100.0 0 0.0
3 3 84.0 in 2 1.0 s1 2 1.0 4 4 100.0 0 0.0
4 4 57.99999999999999 in 2 1.0 s1 2 1.0 4 4 100.0 0 0.0
5 5 67.0 in 4 1.04 s1 4 1.0 8 8 100.0 2 25.0
6 6 90.0 in 8 1.02 s1 8 1.0 20 16 80.0 3 15.0
7 7 72.0 in 12 1.07 s1 7 0.12 32 22 68.75 7 21.88
8 8 26.0 in 16 1.03 s1 10 0.2 44 33 75.0 5 11.36
9 9 68.0 in 19 0.35 s1 10 0.12 80 60 75.0 31 38.75
0 0 0.0 in 90 1.51 s2 0 0.0 398 347 87.19 254 63.82
1 1 79.0 in 1 1.0 s2 1 1.0 4 2 50.0 0 0.0
2 2 23.0 in 2 1.0 s2 2 1.0 4 4 100.0 0 0.0
3 3 84.0 in 2 1.0 s2 2 1.0 4 4 100.0 0 0.0
4 4 57.99999999999999 in 2 1.0 s2 2 1.0 4 4 100.0 0 0.0
5 5 67.0 in 4 1.04 s2 4 1.0 8 8 100.0 2 25.0
6 6 90.0 in 8 1.02 s2 8 1.0 20 16 80.0 3 15.0
7 7 72.0 in 12 1.07 s2 7 0.13 32 25 78.13 8 25.0
8 8 26.0 in 16 1.03 s2 8 0.15 44 37 84.09 4 9.09
9 9 68.0 in 19 0.35 s2 9 0.1 80 65 81.25 34 42.5
