0 0 0.0 700 0.0 0 0.0 0 0.0 69.9 669 66.9 31 3.1 30 3.0
0 3 0.0 700 0.0 0 0.0 0 0.0 69.8 674 67.4 26 2.6 24 2.4
0 6 0.0 700 0.0 0 0.0 0 0.0 68.6 667 66.7 33 3.3 19 1.9
0 9 0.0 700 0.0 0 0.0 0 0.0 69.8 676 67.6 24 2.4 22 2.2
0 12 0.0 700 0.0 0 0.0 0 0.0 70.9 685 68.5 15 1.5 24 2.4
1 1 0.0 700 0.0 0 0.0 0 0.0 70.4 672 67.2 28 2.8 32 3.2
1 4 0.0 700 0.0 0 0.0 0 0.0 70.0 679 67.9 21 2.1 21 2.1
1 7 0.0 700 0.0 0 0.0 0 0.0 69.7 675 67.5 25 2.5 22 2.2
1 10 0.0 700 0.0 0 0.0 0 0.0 69.8 675 67.5 25 2.5 23 2.3
1 13 0.0 700 0.0 0 0.0 0 0.0 69.8 675 67.5 25 2.5 23 2.3
2 2 0.0 700 0.0 0 0.0 0 0.0 70.7 675 67.5 25 2.5 32 3.2
2 5 0.0 700 0.0 0 0.0 0 0.0 69.4 668 66.8 32 3.2 26 2.6
2 8 0.0 700 0.0 0 0.0 0 0.0 69.4 672 67.2 28 2.8 22 2.2
2 11 0.0 700 0.0 0 0.0 0 0.0 70.0 673 67.3 27 2.7 27 2.7
2 14 0.0 200 0.0 0 0.0 0 0.0 21.8 193 19.3 7 0.7 25 2.5
0 0 69.9 669 66.9 31 3.1 30 3.0 69.9 669 66.9 31 3.1 30 3.0
0 3 69.8 674 67.4 26 2.6 24 2.4 69.8 674 67.4 26 2.6 24 2.4
0 6 68.6 667 66.7 33 3.3 19 1.9 68.6 667 66.7 33 3.3 19 1.9
0 9 69.8 676 67.6 24 2.4 22 2.2 69.7 675 67.5 25 2.5 22 2.2
0 12 70.9 685 68.5 15 1.5 24 2.4 70.8 684 68.4 16 1.6 24 2.4
1 1 70.4 672 67.2 28 2.8 32 3.2 70.7 672 67.2 28 2.8 35 3.5
1 4 70.0 679 67.9 21 2.1 21 2.1 70.0 679 67.9 21 2.1 21 2.1
1 7 69.7 675 67.5 25 2.5 22 2.2 69.7 675 67.5 25 2.5 22 2.2
1 10 69.8 675 67.5 25 2.5 23 2.3 69.8 675 67.5 25 2.5 23 2.3
1 13 69.8 675 67.5 25 2.5 23 2.3 69.8 675 67.5 25 2.5 23 2.3
2 2 70.7 675 67.5 25 2.5 32 3.2 70.7 675 67.5 25 2.5 32 3.2
2 5 69.4 668 66.8 32 3.2 26 2.6 69.4 668 66.8 32 3.2 26 2.6
2 8 69.4 672 67.2 28 2.8 22 2.2 69.4 672 67.2 28 2.8 22 2.2
2 11 70.0 673 67.3 27 2.7 27 2.7 70.0 673 67.3 27 2.7 27 2.7
2 14 21.8 193 19.3 7 0.7 25 2.5 21.8 193 19.3 7 0.7 25 2.5
0 0 69.9 669 66.9 31 3.1 30 3.0 69.9 669 66.9 31 3.1 30 3.0
0 3 69.8 674 67.4 26 2.6 24 2.4 69.8 674 67.4 26 2.6 24 2.4
0 6 68.6 667 66.7 33 3.3 19 1.9 68.7 668 66.8 33 3.3 19 1.9
0 9 69.7 675 67.5 25 2.5 22 2.2 69.8 676 67.6 24 2.4 22 2.2
0 12 70.8 684 68.4 16 1.6 24 2.4 70.9 685 68.5 15 1.5 24 2.4
1 1 70.7 672 67.2 28 2.8 35 3.5 70.8 672 67.2 28 2.8 36 3.6
1 4 70.0 679 67.9 21 2.1 21 2.1 70.0 679 67.9 21 2.1 21 2.1
1 7 69.7 675 67.5 25 2.5 22 2.2 69.7 675 67.5 25 2.5 22 2.2
1 10 69.8 675 67.5 25 2.5 23 2.3 69.8 675 67.5 25 2.5 23 2.3
1 13 69.8 675 67.5 25 2.5 23 2.3 69.8 675 67.5 25 2.5 23 2.3
2 2 70.7 675 67.5 25 2.5 32 3.2 70.7 675 67.5 25 2.5 32 3.2
2 5 69.4 668 66.8 32 3.2 26 2.6 69.4 668 66.8 32 3.2 26 2.6
2 8 69.4 672 67.2 28 2.8 22 2.2 69.4 672 67.2 28 2.8 22 2.2
2 11 70.0 673 67.3 27 2.7 27 2.7 70.0 673 67.3 27 2.7 27 2.7
2 14 21.8 193 19.3 7 0.7 25 2.5 21.8 193 19.3 7 0.7 25 2.5
0 0 69.9 669 66.9 31 3.1 30 3.0 69.9 669 66.9 31 3.1 30 3.0
0 3 69.8 674 67.4 26 2.6 24 2.4 69.8 674 67.4 26 2.6 24 2.4
0 6 68.7 668 66.8 33 3.3 19 1.9 68.8 669 66.9 33 3.3 19 1.9
0 9 69.8 676 67.6 24 2.4 22 2.2 69.8 676 67.6 25 2.5 22 2.2
0 12 70.9 685 68.5 15 1.5 24 2.4 70.9 685 68.5 16 1.6 24 2.4
1 1 70.8 672 67.2 28 2.8 36 3.6 71.1 672 67.2 28 2.8 39 3.9
1 4 70.0 679 67.9 21 2.1 21 2.1 70.0 679 67.9 21 2.1 21 2.1
1 7 69.7 675 67.5 25 2.5 22 2.2 69.7 675 67.5 25 2.5 22 2.2
1 10 69.8 675 67.5 25 2.5 23 2.3 69.8 675 67.5 25 2.5 23 2.3
1 13 69.8 675 67.5 25 2.5 23 2.3 69.8 675 67.5 25 2.5 23 2.3
2 2 70.7 675 67.5 25 2.5 32 3.2 70.7 675 67.5 25 2.5 32 3.2
2 5 69.4 668 66.8 32 3.2 26 2.6 69.4 668 66.8 32 3.2 26 2.6
2 8 69.4 672 67.2 28 2.8 22 2.2 69.4 672 67.2 28 2.8 22 2.2
2 11 70.0 673 67.3 27 2.7 27 2.7 70.0 673 67.3 27 2.7 27 2.7
2 14 21.8 193 19.3 7 0.7 25 2.5 21.8 193 19.3 7 0.7 25 2.5
0 0 69.9 669 66.9 31 3.1 30 3.0 69.9 669 66.9 31 3.1 30 3.0
0 3 69.8 674 67.4 26 2.6 24 2.4 69.8 674 67.4 26 2.6 24 2.4
0 6 68.8 669 66.9 33 3.3 19 1.9 68.9 670 67.0 33 3.3 19 1.9
0 9 69.8 676 67.6 25 2.5 22 2.2 69.9 677 67.7 24 2.4 22 2.2
0 12 70.9 685 68.5 16 1.6 24 2.4 71.0 686 68.6 15 1.5 24 2.4
1 1 71.1 672 67.2 28 2.8 39 3.9 71.2 672 67.2 28 2.8 40 4.0
1 4 70.0 679 67.9 21 2.1 21 2.1 70.0 679 67.9 21 2.1 21 2.1
1 7 69.7 675 67.5 25 2.5 22 2.2 69.7 675 67.5 25 2.5 22 2.2
1 10 69.8 675 67.5 25 2.5 23 2.3 69.8 675 67.5 25 2.5 23 2.3
1 13 69.8 675 67.5 25 2.5 23 2.3 69.8 675 67.5 25 2.5 23 2.3
2 2 70.7 675 67.5 25 2.5 32 3.2 70.7 675 67.5 25 2.5 32 3.2
2 5 69.4 668 66.8 32 3.2 26 2.6 69.4 668 66.8 32 3.2 26 2.6
2 8 69.4 672 67.2 28 2.8 22 2.2 69.4 672 67.2 28 2.8 22 2.2
2 11 70.0 673 67.3 27 2.7 27 2.7 70.0 673 67.3 27 2.7 27 2.7
2 14 21.8 193 19.3 7 0.7 25 2.5 21.8 193 19.3 7 0.7 25 2.5
0 0 69.9 669 66.9 31 3.1 30 3.0 70.1 669 66.9 31 3.1 32 3.2
0 3 69.8 674 67.4 26 2.6 24 2.4 69.8 674 67.4 26 2.6 24 2.4
0 6 68.9 670 67.0 33 3.3 19 1.9 69.0 671 67.1 33 3.3 19 1.9
0 9 69.9 677 67.7 24 2.4 22 2.2 69.9 677 67.7 25 2.5 22 2.2
0 12 71.0 686 68.6 15 1.5 24 2.4 70.9 685 68.5 17 1.7 24 2.4
1 1 71.2 672 67.2 28 2.8 40 4.0 71.5 672 67.2 28 2.8 43 4.3
1 4 70.0 679 67.9 21 2.1 21 2.1 69.9 678 67.8 22 2.2 21 2.1
1 7 69.7 675 67.5 25 2.5 22 2.2 69.7 675 67.5 25 2.5 22 2.2
1 10 69.8 675 67.5 25 2.5 23 2.3 69.8 675 67.5 25 2.5 23 2.3
1 13 69.8 675 67.5 25 2.5 23 2.3 70.0 675 67.5 25 2.5 25 2.5
2 2 70.7 675 67.5 25 2.5 32 3.2 70.7 675 67.5 25 2.5 32 3.2
2 5 69.4 668 66.8 32 3.2 26 2.6 69.4 668 66.8 32 3.2 26 2.6
2 8 69.4 672 67.2 28 2.8 22 2.2 69.4 672 67.2 28 2.8 22 2.2
2 11 70.0 673 67.3 27 2.7 27 2.7 69.8 671 67.1 29 2.9 27 2.7
2 14 21.8 193 19.3 7 0.7 25 2.5 21.8 193 19.3 7 0.7 25 2.5
0 0 70.1 669 66.9 31 3.1 32 3.2 70.5 668 66.8 32 3.2 37 3.7
0 3 69.8 674 67.4 26 2.6 24 2.4 69.8 674 67.4 26 2.6 24 2.4
0 6 69.0 671 67.1 33 3.3 19 1.9 69.5 672 67.2 33 3.3 23 2.3
0 9 69.9 677 67.7 25 2.5 22 2.2 70.0 678 67.8 24 2.4 22 2.2
0 12 70.9 685 68.5 17 1.7 24 2.4 71.2 686 68.6 16 1.6 26 2.6
1 1 71.5 672 67.2 28 2.8 43 4.3 71.5 671 67.1 29 2.9 44 4.4
1 4 69.9 678 67.8 22 2.2 21 2.1 69.8 677 67.7 23 2.3 21 2.1
1 7 69.7 675 67.5 25 2.5 22 2.2 69.6 674 67.4 26 2.6 22 2.2
1 10 69.8 675 67.5 25 2.5 23 2.3 69.6 673 67.3 27 2.7 23 2.3
1 13 70.0 675 67.5 25 2.5 25 2.5 70.0 675 67.5 25 2.5 25 2.5
2 2 70.7 675 67.5 25 2.5 32 3.2 70.7 675 67.5 25 2.5 32 3.2
2 5 69.4 668 66.8 32 3.2 26 2.6 69.2 666 66.6 34 3.4 26 2.6
2 8 69.4 672 67.2 28 2.8 22 2.2 69.4 672 67.2 28 2.8 22 2.2
2 11 69.8 671 67.1 29 2.9 27 2.7 70.0 673 67.3 27 2.7 27 2.7
2 14 21.8 193 19.3 7 0.7 25 2.5 21.8 193 19.3 7 0.7 25 2.5
0 0 70.5 668 66.8 32 3.2 37 3.7 70.5 666 66.6 34 3.4 39 3.9
0 3 69.8 674 67.4 26 2.6 24 2.4 69.7 672 67.2 28 2.8 25 2.5
0 6 69.5 672 67.2 33 3.3 23 2.3 69.7 672 67.2 34 3.4 25 2.5
0 9 70.0 678 67.8 24 2.4 22 2.2 70.2 678 67.8 25 2.5 24 2.4
0 12 71.2 686 68.6 16 1.6 26 2.6 71.4 686 68.6 18 1.8 28 2.8
1 1 71.5 671 67.1 29 2.9 44 4.4 71.6 669 66.9 31 3.1 47 4.7
1 4 69.8 677 67.7 23 2.3 21 2.1 70.0 677 67.7 24 2.4 23 2.3
1 7 69.6 674 67.4 26 2.6 22 2.2 69.5 673 67.3 27 2.7 22 2.2
1 10 69.6 673 67.3 27 2.7 23 2.3 69.6 671 67.1 29 2.9 25 2.5
1 13 70.0 675 67.5 25 2.5 25 2.5 69.9 673 67.3 27 2.7 26 2.6
2 2 70.7 675 67.5 25 2.5 32 3.2 70.8 675 67.5 25 2.5 33 3.3
2 5 69.2 666 66.6 34 3.4 26 2.6 69.3 664 66.4 36 3.6 29 2.9
2 8 69.4 672 67.2 28 2.8 22 2.2 69.1 669 66.9 31 3.1 22 2.2
2 11 70.0 673 67.3 27 2.7 27 2.7 70.3 673 67.3 29 2.9 30 3.0
2 14 21.8 193 19.3 7 0.7 25 2.5 22.0 193 19.3 7 0.7 27 2.7
0 0 70.5 666 66.6 34 3.4 39 3.9 70.7 668 66.8 32 3.2 39 3.9
0 3 69.7 672 67.2 28 2.8 25 2.5 69.9 672 67.2 28 2.8 27 2.7
0 6 69.7 672 67.2 34 3.4 25 2.5 70.1 674 67.4 32 3.2 27 2.7
0 9 70.2 678 67.8 25 2.5 24 2.4 70.1 677 67.7 26 2.6 24 2.4
0 12 71.4 686 68.6 18 1.8 28 2.8 71.5 687 68.7 17 1.7 28 2.8
1 1 71.6 669 66.9 31 3.1 47 4.7 71.7 670 67.0 31 3.1 47 4.7
1 4 70.0 677 67.7 24 2.4 23 2.3 69.8 675 67.5 26 2.6 23 2.3
1 7 69.5 673 67.3 27 2.7 22 2.2 70.0 675 67.5 27 2.7 25 2.5
1 10 69.6 671 67.1 29 2.9 25 2.5 69.8 673 67.3 27 2.7 25 2.5
1 13 69.9 673 67.3 27 2.7 26 2.6 70.4 675 67.5 25 2.5 29 2.9
2 2 70.8 675 67.5 25 2.5 33 3.3 70.6 673 67.3 27 2.7 33 3.3
2 5 69.3 664 66.4 36 3.6 29 2.9 69.5 666 66.6 34 3.4 29 2.9
2 8 69.1 669 66.9 31 3.1 22 2.2 69.3 671 67.1 29 2.9 22 2.2
2 11 70.3 673 67.3 29 2.9 30 3.0 70.8 675 67.5 27 2.7 33 3.3
2 14 22.0 193 19.3 7 0.7 27 2.7 22.3 193 19.3 7 0.7 30 3.0
0 0 70.7 668 66.8 32 3.2 39 3.9 71.1 667 66.7 35 3.5 44 4.4
0 3 69.9 672 67.2 28 2.8 27 2.7 70.4 671 67.1 31 3.1 33 3.3
0 6 70.1 674 67.4 32 3.2 27 2.7 70.1 670 67.0 39 3.9 31 3.1
0 9 70.1 677 67.7 26 2.6 24 2.4 70.5 677 67.7 27 2.7 28 2.8
0 12 71.5 687 68.7 17 1.7 28 2.8 71.5 683 68.3 23 2.3 32 3.2
1 1 71.7 670 67.0 31 3.1 47 4.7 72.4 672 67.2 30 3.0 52 5.2
1 4 69.8 675 67.5 26 2.6 23 2.3 70.3 675 67.5 27 2.7 28 2.8
1 7 70.0 675 67.5 27 2.7 25 2.5 70.2 674 67.4 30 3.0 28 2.8
1 10 69.8 673 67.3 27 2.7 25 2.5 70.2 672 67.2 30 3.0 30 3.0
1 13 70.4 675 67.5 25 2.5 29 2.9 70.4 671 67.1 31 3.1 33 3.3
2 2 70.6 673 67.3 27 2.7 33 3.3 71.3 674 67.4 26 2.6 39 3.9
2 5 69.5 666 66.6 34 3.4 29 2.9 69.3 663 66.3 39 3.9 30 3.0
2 8 69.3 671 67.1 29 2.9 22 2.2 69.5 669 66.9 34 3.4 26 2.6
2 11 70.8 675 67.5 27 2.7 33 3.3 70.7 673 67.3 31 3.1 34 3.4
2 14 22.3 193 19.3 7 0.7 30 3.0 22.5 193 19.3 7 0.7 32 3.2
0 0 0.0 700 0.0 0 0.0 0 0.0 73.0 700 70.0 31 3.1 30 3.0
0 3 0.0 700 0.0 0 0.0 0 0.0 71.9 700 70.0 22 2.2 19 1.9
0 6 0.0 700 0.0 0 0.0 0 0.0 70.0 700 70.0 36 3.6 0 0.0
0 9 0.0 700 0.0 0 0.0 0 0.0 74.3 700 70.0 18 1.8 43 4.3
0 12 0.0 700 0.0 0 0.0 0 0.0 70.0 700 70.0 15 1.5 0 0.0
1 1 0.0 700 0.0 0 0.0 0 0.0 72.2 700 70.0 25 2.5 22 2.2
1 4 0.0 700 0.0 0 0.0 0 0.0 70.0 700 70.0 24 2.4 0 0.0
1 7 0.0 700 0.0 0 0.0 0 0.0 74.9 700 70.0 18 1.8 49 4.9
1 10 0.0 700 0.0 0 0.0 0 0.0 70.0 700 70.0 27 2.7 0 0.0
1 13 0.0 700 0.0 0 0.0 0 0.0 74.4 700 70.0 22 2.2 44 4.4
2 2 0.0 700 0.0 0 0.0 0 0.0 72.0 700 70.0 24 2.4 20 2.0
2 5 0.0 700 0.0 0 0.0 0 0.0 74.1 700 70.0 22 2.2 41 4.1
2 8 0.0 700 0.0 0 0.0 0 0.0 74.0 700 70.0 16 1.6 40 4.0
2 11 0.0 700 0.0 0 0.0 0 0.0 72.8 700 70.0 21 2.1 28 2.8
2 14 0.0 200 0.0 0 0.0 0 0.0 20.0 200 20.0 7 0.7 0 0.0
0 0 69.9 669 66.9 31 3.1 30 3.0 69.9 669 66.9 31 3.1 30 3.0
0 3 69.8 674 67.4 26 2.6 24 2.4 69.8 674 67.4 26 2.6 24 2.4
0 6 68.6 667 66.7 33 3.3 19 1.9 68.8 667 66.7 33 3.3 21 2.1
0 9 69.8 676 67.6 24 2.4 22 2.2 69.8 676 67.6 25 2.5 22 2.2
0 12 70.9 685 68.5 15 1.5 24 2.4 70.9 685 68.5 16 1.6 24 2.4
1 1 70.4 672 67.2 28 2.8 32 3.2 70.4 672 67.2 28 2.8 32 3.2
1 4 70.0 679 67.9 21 2.1 21 2.1 70.0 679 67.9 21 2.1 21 2.1
1 7 69.7 675 67.5 25 2.5 22 2.2 69.7 675 67.5 25 2.5 22 2.2
1 10 69.8 675 67.5 25 2.5 23 2.3 69.8 675 67.5 25 2.5 23 2.3
1 13 69.8 675 67.5 25 2.5 23 2.3 69.8 675 67.5 25 2.5 23 2.3
2 2 70.7 675 67.5 25 2.5 32 3.2 70.7 675 67.5 25 2.5 32 3.2
2 5 69.4 668 66.8 32 3.2 26 2.6 69.4 668 66.8 32 3.2 26 2.6
2 8 69.4 672 67.2 28 2.8 22 2.2 69.4 672 67.2 28 2.8 22 2.2
2 11 70.0 673 67.3 27 2.7 27 2.7 70.0 673 67.3 27 2.7 27 2.7
2 14 21.8 193 19.3 7 0.7 25 2.5 21.8 193 19.3 7 0.7 25 2.5
0 0 69.9 669 66.9 31 3.1 30 3.0 69.9 669 66.9 31 3.1 30 3.0
0 3 69.8 674 67.4 26 2.6 24 2.4 69.8 674 67.4 26 2.6 24 2.4
0 6 68.6 667 66.7 33 3.3 19 1.9 68.6 667 66.7 33 3.3 19 1.9
0 9 69.7 675 67.5 25 2.5 22 2.2 69.9 677 67.7 24 2.4 22 2.2
0 12 70.8 684 68.4 16 1.6 24 2.4 71.0 686 68.6 15 1.5 24 2.4
1 1 70.7 672 67.2 28 2.8 35 3.5 70.7 672 67.2 28 2.8 35 3.5
1 4 70.0 679 67.9 21 2.1 21 2.1 70.0 679 67.9 21 2.1 21 2.1
1 7 69.7 675 67.5 25 2.5 22 2.2 69.7 675 67.5 25 2.5 22 2.2
1 10 69.8 675 67.5 25 2.5 23 2.3 69.8 675 67.5 25 2.5 23 2.3
1 13 69.8 675 67.5 25 2.5 23 2.3 69.8 675 67.5 25 2.5 23 2.3
2 2 70.7 675 67.5 25 2.5 32 3.2 70.7 675 67.5 25 2.5 32 3.2
2 5 69.4 668 66.8 32 3.2 26 2.6 69.4 668 66.8 32 3.2 26 2.6
2 8 69.4 672 67.2 28 2.8 22 2.2 69.4 672 67.2 28 2.8 22 2.2
2 11 70.0 673 67.3 27 2.7 27 2.7 70.0 673 67.3 27 2.7 27 2.7
2 14 21.8 193 19.3 7 0.7 25 2.5 21.8 193 19.3 7 0.7 25 2.5
0 0 69.9 669 66.9 31 3.1 30 3.0 69.9 669 66.9 31 3.1 30 3.0
0 3 69.8 674 67.4 26 2.6 24 2.4 69.8 674 67.4 26 2.6 24 2.4
0 6 68.7 668 66.8 33 3.3 19 1.9 69.1 668 66.8 33 3.3 23 2.3
0 9 69.8 676 67.6 24 2.4 22 2.2 69.8 676 67.6 25 2.5 22 2.2
0 12 70.9 685 68.5 15 1.5 24 2.4 70.9 685 68.5 16 1.6 24 2.4
1 1 70.8 672 67.2 28 2.8 36 3.6 70.8 672 67.2 28 2.8 36 3.6
1 4 70.0 679 67.9 21 2.1 21 2.1 70.0 679 67.9 21 2.1 21 2.1
1 7 69.7 675 67.5 25 2.5 22 2.2 69.7 675 67.5 25 2.5 22 2.2
1 10 69.8 675 67.5 25 2.5 23 2.3 69.8 675 67.5 25 2.5 23 2.3
1 13 69.8 675 67.5 25 2.5 23 2.3 69.8 675 67.5 25 2.5 23 2.3
2 2 70.7 675 67.5 25 2.5 32 3.2 70.7 675 67.5 25 2.5 32 3.2
2 5 69.4 668 66.8 32 3.2 26 2.6 69.4 668 66.8 32 3.2 26 2.6
2 8 69.4 672 67.2 28 2.8 22 2.2 69.4 672 67.2 28 2.8 22 2.2
2 11 70.0 673 67.3 27 2.7 27 2.7 70.0 673 67.3 27 2.7 27 2.7
2 14 21.8 193 19.3 7 0.7 25 2.5 21.8 193 19.3 7 0.7 25 2.5
0 0 69.9 669 66.9 31 3.1 30 3.0 69.9 669 66.9 31 3.1 30 3.0
0 3 69.8 674 67.4 26 2.6 24 2.4 69.8 674 67.4 26 2.6 24 2.4
0 6 68.8 669 66.9 33 3.3 19 1.9 68.8 669 66.9 33 3.3 19 1.9
0 9 69.8 676 67.6 25 2.5 22 2.2 70.0 678 67.8 24 2.4 22 2.2
0 12 70.9 685 68.5 16 1.6 24 2.4 71.1 687 68.7 15 1.5 24 2.4
1 1 71.1 672 67.2 28 2.8 39 3.9 71.1 672 67.2 28 2.8 39 3.9
1 4 70.0 679 67.9 21 2.1 21 2.1 70.0 679 67.9 21 2.1 21 2.1
1 7 69.7 675 67.5 25 2.5 22 2.2 69.7 675 67.5 25 2.5 22 2.2
1 10 69.8 675 67.5 25 2.5 23 2.3 69.8 675 67.5 25 2.5 23 2.3
1 13 69.8 675 67.5 25 2.5 23 2.3 69.8 675 67.5 25 2.5 23 2.3
2 2 70.7 675 67.5 25 2.5 32 3.2 70.7 675 67.5 25 2.5 32 3.2
2 5 69.4 668 66.8 32 3.2 26 2.6 69.4 668 66.8 32 3.2 26 2.6
2 8 69.4 672 67.2 28 2.8 22 2.2 69.4 672 67.2 28 2.8 22 2.2
2 11 70.0 673 67.3 27 2.7 27 2.7 70.0 673 67.3 27 2.7 27 2.7
2 14 21.8 193 19.3 7 0.7 25 2.5 21.8 193 19.3 7 0.7 25 2.5
0 0 69.9 669 66.9 31 3.1 30 3.0 69.9 669 66.9 31 3.1 30 3.0
0 3 69.8 674 67.4 26 2.6 24 2.4 69.8 674 67.4 26 2.6 24 2.4
0 6 68.9 670 67.0 33 3.3 19 1.9 69.5 670 67.0 33 3.3 25 2.5
0 9 69.9 677 67.7 24 2.4 22 2.2 69.9 677 67.7 25 2.5 22 2.2
0 12 71.0 686 68.6 15 1.5 24 2.4 71.1 686 68.6 16 1.6 25 2.5
1 1 71.2 672 67.2 28 2.8 40 4.0 71.2 672 67.2 28 2.8 40 4.0
1 4 70.0 679 67.9 21 2.1 21 2.1 70.0 679 67.9 22 2.2 21 2.1
1 7 69.7 675 67.5 25 2.5 22 2.2 69.7 675 67.5 25 2.5 22 2.2
1 10 69.8 675 67.5 25 2.5 23 2.3 69.8 675 67.5 25 2.5 23 2.3
1 13 69.8 675 67.5 25 2.5 23 2.3 69.8 675 67.5 25 2.5 23 2.3
2 2 70.7 675 67.5 25 2.5 32 3.2 70.7 675 67.5 25 2.5 32 3.2
2 5 69.4 668 66.8 32 3.2 26 2.6 69.4 668 66.8 32 3.2 26 2.6
2 8 69.4 672 67.2 28 2.8 22 2.2 69.4 672 67.2 28 2.8 22 2.2
2 11 70.0 673 67.3 27 2.7 27 2.7 70.1 673 67.3 28 2.8 28 2.8
2 14 21.8 193 19.3 7 0.7 25 2.5 21.8 193 19.3 7 0.7 25 2.5
0 0 70.1 669 66.9 31 3.1 32 3.2 70.1 669 66.9 32 3.2 32 3.2
0 3 69.8 674 67.4 26 2.6 24 2.4 69.8 674 67.4 26 2.6 24 2.4
0 6 69.0 671 67.1 33 3.3 19 1.9 69.0 671 67.1 33 3.3 19 1.9
0 9 69.9 677 67.7 25 2.5 22 2.2 70.3 681 68.1 24 2.4 22 2.2
0 12 70.9 685 68.5 17 1.7 24 2.4 71.3 689 68.9 17 1.7 24 2.4
1 1 71.5 672 67.2 28 2.8 43 4.3 71.5 672 67.2 29 2.9 43 4.3
1 4 69.9 678 67.8 22 2.2 21 2.1 70.0 679 67.9 21 2.1 21 2.1
1 7 69.7 675 67.5 25 2.5 22 2.2 70.0 675 67.5 25 2.5 25 2.5
1 10 69.8 675 67.5 25 2.5 23 2.3 69.8 675 67.5 27 2.7 23 2.3
1 13 70.0 675 67.5 25 2.5 25 2.5 70.0 675 67.5 25 2.5 25 2.5
2 2 70.7 675 67.5 25 2.5 32 3.2 70.7 675 67.5 25 2.5 32 3.2
2 5 69.4 668 66.8 32 3.2 26 2.6 69.6 668 66.8 32 3.2 28 2.8
2 8 69.4 672 67.2 28 2.8 22 2.2 69.4 672 67.2 28 2.8 22 2.2
2 11 69.8 671 67.1 29 2.9 27 2.7 70.0 673 67.3 27 2.7 27 2.7
2 14 21.8 193 19.3 7 0.7 25 2.5 21.8 193 19.3 7 0.7 25 2.5
0 0 70.5 668 66.8 32 3.2 37 3.7 70.5 668 66.8 34 3.4 37 3.7
0 3 69.8 674 67.4 26 2.6 24 2.4 69.9 674 67.4 27 2.7 25 2.5
0 6 69.5 672 67.2 33 3.3 23 2.3 70.1 677 67.7 33 3.3 24 2.4
0 9 70.0 678 67.8 24 2.4 22 2.2 70.5 678 67.8 24 2.4 27 2.7
0 12 71.2 686 68.6 16 1.6 26 2.6 71.5 686 68.6 16 1.6 29 2.9
1 1 71.5 671 67.1 29 2.9 44 4.4 71.6 672 67.2 31 3.1 44 4.4
1 4 69.8 677 67.7 23 2.3 21 2.1 69.8 677 67.7 24 2.4 21 2.1
1 7 69.6 674 67.4 26 2.6 22 2.2 69.6 674 67.4 27 2.7 22 2.2
1 10 69.6 673 67.3 27 2.7 23 2.3 69.8 673 67.3 27 2.7 25 2.5
1 13 70.0 675 67.5 25 2.5 25 2.5 70.3 675 67.5 25 2.5 28 2.8
2 2 70.7 675 67.5 25 2.5 32 3.2 70.7 675 67.5 26 2.6 32 3.2
2 5 69.2 666 66.6 34 3.4 26 2.6 69.3 666 66.6 35 3.5 27 2.7
2 8 69.4 672 67.2 28 2.8 22 2.2 69.4 672 67.2 29 2.9 22 2.2
2 11 70.0 673 67.3 27 2.7 27 2.7 70.0 673 67.3 27 2.7 27 2.7
2 14 21.8 193 19.3 7 0.7 25 2.5 21.8 193 19.3 7 0.7 25 2.5
0 0 70.5 666 66.6 34 3.4 39 3.9 70.7 668 66.8 32 3.2 39 3.9
0 3 69.7 672 67.2 28 2.8 25 2.5 69.9 673 67.3 27 2.7 26 2.6
0 6 69.7 672 67.2 34 3.4 25 2.5 70.6 679 67.9 32 3.2 27 2.7
0 9 70.2 678 67.8 25 2.5 24 2.4 71.0 684 68.4 25 2.5 26 2.6
0 12 71.4 686 68.6 18 1.8 28 2.8 71.5 687 68.7 18 1.8 28 2.8
1 1 71.6 669 66.9 31 3.1 47 4.7 71.9 672 67.2 30 3.0 47 4.7
1 4 70.0 677 67.7 24 2.4 23 2.3 70.1 677 67.7 25 2.5 24 2.4
1 7 69.5 673 67.3 27 2.7 22 2.2 69.6 673 67.3 28 2.8 23 2.3
1 10 69.6 671 67.1 29 2.9 25 2.5 69.7 672 67.2 28 2.8 25 2.5
1 13 69.9 673 67.3 27 2.7 26 2.6 70.0 674 67.4 26 2.6 26 2.6
2 2 70.8 675 67.5 25 2.5 33 3.3 70.8 675 67.5 27 2.7 33 3.3
2 5 69.3 664 66.4 36 3.6 29 2.9 69.5 666 66.6 34 3.4 29 2.9
2 8 69.1 669 66.9 31 3.1 22 2.2 69.3 670 67.0 30 3.0 23 2.3
2 11 70.3 673 67.3 29 2.9 30 3.0 70.3 673 67.3 29 2.9 30 3.0
2 14 22.0 193 19.3 7 0.7 27 2.7 22.0 193 19.3 7 0.7 27 2.7
0 0 70.7 668 66.8 32 3.2 39 3.9 70.7 668 66.8 36 3.6 39 3.9
0 3 69.9 672 67.2 28 2.8 27 2.7 70.3 672 67.2 31 3.1 31 3.1
0 6 70.1 674 67.4 32 3.2 27 2.7 71.1 674 67.4 37 3.7 37 3.7
0 9 70.1 677 67.7 26 2.6 24 2.4 70.7 679 67.9 26 2.6 28 2.8
0 12 71.5 687 68.7 17 1.7 28 2.8 71.9 687 68.7 21 2.1 32 3.2
1 1 71.7 670 67.0 31 3.1 47 4.7 72.2 672 67.2 31 3.1 50 5.0
1 4 69.8 675 67.5 26 2.6 23 2.3 70.4 677 67.7 26 2.6 27 2.7
1 7 70.0 675 67.5 27 2.7 25 2.5 70.8 676 67.6 29 2.9 32 3.2
1 10 69.8 673 67.3 27 2.7 25 2.5 69.8 673 67.3 30 3.0 25 2.5
1 13 70.4 675 67.5 25 2.5 29 2.9 71.3 675 67.5 29 2.9 38 3.8
2 2 70.6 673 67.3 27 2.7 33 3.3 70.8 675 67.5 26 2.6 33 3.3
2 5 69.5 666 66.6 34 3.4 29 2.9 69.9 666 66.6 37 3.7 33 3.3
2 8 69.3 671 67.1 29 2.9 22 2.2 69.5 671 67.1 32 3.2 24 2.4
2 11 70.8 675 67.5 27 2.7 33 3.3 70.8 675 67.5 31 3.1 33 3.3
2 14 22.3 193 19.3 7 0.7 30 3.0 22.3 193 19.3 7 0.7 30 3.0
0 0 0.0 700 0.0 0 0.0 0 0.0 73.0 700 70.0 31 3.1 30 3.0
0 3 0.0 700 0.0 0 0.0 0 0.0 71.9 700 70.0 22 2.2 19 1.9
0 6 0.0 700 0.0 0 0.0 0 0.0 72.1 700 70.0 33 3.3 21 2.1
0 9 0.0 700 0.0 0 0.0 0 0.0 72.1 700 70.0 22 2.2 21 2.1
0 12 0.0 700 0.0 0 0.0 0 0.0 72.3 700 70.0 12 1.2 23 2.3
1 1 0.0 700 0.0 0 0.0 0 0.0 72.2 700 70.0 25 2.5 22 2.2
1 4 0.0 700 0.0 0 0.0 0 0.0 72.4 700 70.0 22 2.2 24 2.4
1 7 0.0 700 0.0 0 0.0 0 0.0 72.9 700 70.0 22 2.2 29 2.9
1 10 0.0 700 0.0 0 0.0 0 0.0 72.3 700 70.0 25 2.5 23 2.3
1 13 0.0 700 0.0 0 0.0 0 0.0 72.2 700 70.0 25 2.5 22 2.2
2 2 0.0 700 0.0 0 0.0 0 0.0 72.0 700 70.0 24 2.4 20 2.0
2 5 0.0 700 0.0 0 0.0 0 0.0 71.9 700 70.0 26 2.6 19 1.9
2 8 0.0 700 0.0 0 0.0 0 0.0 71.9 700 70.0 22 2.2 19 1.9
2 11 0.0 700 0.0 0 0.0 0 0.0 72.8 700 70.0 21 2.1 28 2.8
2 14 0.0 200 0.0 0 0.0 0 0.0 22.7 200 20.0 7 0.7 27 2.7
0 0 69.9 669 66.9 31 3.1 30 3.0 69.9 669 66.9 31 3.1 30 3.0
0 3 69.8 674 67.4 26 2.6 24 2.4 69.8 674 67.4 26 2.6 24 2.4
0 6 68.6 667 66.7 33 3.3 19 1.9 68.8 667 66.7 33 3.3 21 2.1
0 9 69.8 676 67.6 24 2.4 22 2.2 69.8 676 67.6 25 2.5 22 2.2
0 12 70.9 685 68.5 15 1.5 24 2.4 70.9 685 68.5 16 1.6 24 2.4
1 1 70.4 672 67.2 28 2.8 32 3.2 70.4 672 67.2 28 2.8 32 3.2
1 4 70.0 679 67.9 21 2.1 21 2.1 70.0 679 67.9 21 2.1 21 2.1
1 7 69.7 675 67.5 25 2.5 22 2.2 69.7 675 67.5 25 2.5 22 2.2
1 10 69.8 675 67.5 25 2.5 23 2.3 69.8 675 67.5 25 2.5 23 2.3
1 13 69.8 675 67.5 25 2.5 23 2.3 69.8 675 67.5 25 2.5 23 2.3
2 2 70.7 675 67.5 25 2.5 32 3.2 70.7 675 67.5 25 2.5 32 3.2
2 5 69.4 668 66.8 32 3.2 26 2.6 69.4 668 66.8 32 3.2 26 2.6
2 8 69.4 672 67.2 28 2.8 22 2.2 69.4 672 67.2 28 2.8 22 2.2
2 11 70.0 673 67.3 27 2.7 27 2.7 70.0 673 67.3 27 2.7 27 2.7
2 14 21.8 193 19.3 7 0.7 25 2.5 21.8 193 19.3 7 0.7 25 2.5
0 0 69.9 669 66.9 31 3.1 30 3.0 69.9 669 66.9 31 3.1 30 3.0
0 3 69.8 674 67.4 26 2.6 24 2.4 69.8 674 67.4 26 2.6 24 2.4
0 6 68.6 667 66.7 33 3.3 19 1.9 68.6 667 66.7 33 3.3 19 1.9
0 9 69.7 675 67.5 25 2.5 22 2.2 69.9 677 67.7 24 2.4 22 2.2
0 12 70.8 684 68.4 16 1.6 24 2.4 71.0 686 68.6 15 1.5 24 2.4
1 1 70.7 672 67.2 28 2.8 35 3.5 70.7 672 67.2 28 2.8 35 3.5
1 4 70.0 679 67.9 21 2.1 21 2.1 70.0 679 67.9 21 2.1 21 2.1
1 7 69.7 675 67.5 25 2.5 22 2.2 69.7 675 67.5 25 2.5 22 2.2
1 10 69.8 675 67.5 25 2.5 23 2.3 69.8 675 67.5 25 2.5 23 2.3
1 13 69.8 675 67.5 25 2.5 23 2.3 69.8 675 67.5 25 2.5 23 2.3
2 2 70.7 675 67.5 25 2.5 32 3.2 70.7 675 67.5 25 2.5 32 3.2
2 5 69.4 668 66.8 32 3.2 26 2.6 69.4 668 66.8 32 3.2 26 2.6
2 8 69.4 672 67.2 28 2.8 22 2.2 69.4 672 67.2 28 2.8 22 2.2
2 11 70.0 673 67.3 27 2.7 27 2.7 70.0 673 67.3 27 2.7 27 2.7
2 14 21.8 193 19.3 7 0.7 25 2.5 21.8 193 19.3 7 0.7 25 2.5
0 0 69.9 669 66.9 31 3.1 30 3.0 69.9 669 66.9 31 3.1 30 3.0
0 3 69.8 674 67.4 26 2.6 24 2.4 69.8 674 67.4 26 2.6 24 2.4
0 6 68.7 668 66.8 33 3.3 19 1.9 69.1 668 66.8 33 3.3 23 2.3
0 9 69.8 676 67.6 24 2.4 22 2.2 69.8 676 67.6 25 2.5 22 2.2
0 12 70.9 685 68.5 15 1.5 24 2.4 70.9 685 68.5 16 1.6 24 2.4
1 1 70.8 672 67.2 28 2.8 36 3.6 70.8 672 67.2 28 2.8 36 3.6
1 4 70.0 679 67.9 21 2.1 21 2.1 70.0 679 67.9 21 2.1 21 2.1
1 7 69.7 675 67.5 25 2.5 22 2.2 69.7 675 67.5 25 2.5 22 2.2
1 10 69.8 675 67.5 25 2.5 23 2.3 69.8 675 67.5 25 2.5 23 2.3
1 13 69.8 675 67.5 25 2.5 23 2.3 69.8 675 67.5 25 2.5 23 2.3
2 2 70.7 675 67.5 25 2.5 32 3.2 70.7 675 67.5 25 2.5 32 3.2
2 5 69.4 668 66.8 32 3.2 26 2.6 69.4 668 66.8 32 3.2 26 2.6
2 8 69.4 672 67.2 28 2.8 22 2.2 69.4 672 67.2 28 2.8 22 2.2
2 11 70.0 673 67.3 27 2.7 27 2.7 70.0 673 67.3 27 2.7 27 2.7
2 14 21.8 193 19.3 7 0.7 25 2.5 21.8 193 19.3 7 0.7 25 2.5
0 0 69.9 669 66.9 31 3.1 30 3.0 69.9 669 66.9 31 3.1 30 3.0
0 3 69.8 674 67.4 26 2.6 24 2.4 69.8 674 67.4 26 2.6 24 2.4
0 6 68.8 669 66.9 33 3.3 19 1.9 68.8 669 66.9 33 3.3 19 1.9
0 9 69.8 676 67.6 25 2.5 22 2.2 70.0 678 67.8 24 2.4 22 2.2
0 12 70.9 685 68.5 16 1.6 24 2.4 71.1 687 68.7 15 1.5 24 2.4
1 1 71.1 672 67.2 28 2.8 39 3.9 71.1 672 67.2 28 2.8 39 3.9
1 4 70.0 679 67.9 21 2.1 21 2.1 70.0 679 67.9 21 2.1 21 2.1
1 7 69.7 675 67.5 25 2.5 22 2.2 69.7 675 67.5 25 2.5 22 2.2
1 10 69.8 675 67.5 25 2.5 23 2.3 69.8 675 67.5 25 2.5 23 2.3
1 13 69.8 675 67.5 25 2.5 23 2.3 69.8 675 67.5 25 2.5 23 2.3
2 2 70.7 675 67.5 25 2.5 32 3.2 70.7 675 67.5 25 2.5 32 3.2
2 5 69.4 668 66.8 32 3.2 26 2.6 69.4 668 66.8 32 3.2 26 2.6
2 8 69.4 672 67.2 28 2.8 22 2.2 69.4 672 67.2 28 2.8 22 2.2
2 11 70.0 673 67.3 27 2.7 27 2.7 70.0 673 67.3 27 2.7 27 2.7
2 14 21.8 193 19.3 7 0.7 25 2.5 21.8 193 19.3 7 0.7 25 2.5
0 0 69.9 669 66.9 31 3.1 30 3.0 69.9 669 66.9 31 3.1 30 3.0
0 3 69.8 674 67.4 26 2.6 24 2.4 69.8 674 67.4 26 2.6 24 2.4
0 6 68.9 670 67.0 33 3.3 19 1.9 69.5 670 67.0 33 3.3 25 2.5
0 9 69.9 677 67.7 24 2.4 22 2.2 69.9 677 67.7 25 2.5 22 2.2
0 12 71.0 686 68.6 15 1.5 24 2.4 71.1 686 68.6 16 1.6 25 2.5
1 1 71.2 672 67.2 28 2.8 40 4.0 71.2 672 67.2 28 2.8 40 4.0
1 4 70.0 679 67.9 21 2.1 21 2.1 70.0 679 67.9 22 2.2 21 2.1
1 7 69.7 675 67.5 25 2.5 22 2.2 69.7 675 67.5 25 2.5 22 2.2
1 10 69.8 675 67.5 25 2.5 23 2.3 69.8 675 67.5 25 2.5 23 2.3
1 13 69.8 675 67.5 25 2.5 23 2.3 69.8 675 67.5 25 2.5 23 2.3
2 2 70.7 675 67.5 25 2.5 32 3.2 70.7 675 67.5 25 2.5 32 3.2
2 5 69.4 668 66.8 32 3.2 26 2.6 69.4 668 66.8 32 3.2 26 2.6
2 8 69.4 672 67.2 28 2.8 22 2.2 69.4 672 67.2 28 2.8 22 2.2
2 11 70.0 673 67.3 27 2.7 27 2.7 70.1 673 67.3 28 2.8 28 2.8
2 14 21.8 193 19.3 7 0.7 25 2.5 21.8 193 19.3 7 0.7 25 2.5
0 0 70.1 669 66.9 31 3.1 32 3.2 70.1 669 66.9 32 3.2 32 3.2
0 3 69.8 674 67.4 26 2.6 24 2.4 69.8 674 67.4 26 2.6 24 2.4
0 6 69.0 671 67.1 33 3.3 19 1.9 69.0 671 67.1 33 3.3 19 1.9
0 9 69.9 677 67.7 25 2.5 22 2.2 70.3 681 68.1 24 2.4 22 2.2
0 12 70.9 685 68.5 17 1.7 24 2.4 71.3 689 68.9 17 1.7 24 2.4
1 1 71.5 672 67.2 28 2.8 43 4.3 71.5 672 67.2 29 2.9 43 4.3
1 4 69.9 678 67.8 22 2.2 21 2.1 70.0 679 67.9 21 2.1 21 2.1
1 7 69.7 675 67.5 25 2.5 22 2.2 70.0 675 67.5 25 2.5 25 2.5
1 10 69.8 675 67.5 25 2.5 23 2.3 69.8 675 67.5 27 2.7 23 2.3
1 13 70.0 675 67.5 25 2.5 25 2.5 70.0 675 67.5 25 2.5 25 2.5
2 2 70.7 675 67.5 25 2.5 32 3.2 70.7 675 67.5 25 2.5 32 3.2
2 5 69.4 668 66.8 32 3.2 26 2.6 69.6 668 66.8 32 3.2 28 2.8
2 8 69.4 672 67.2 28 2.8 22 2.2 69.4 672 67.2 28 2.8 22 2.2
2 11 69.8 671 67.1 29 2.9 27 2.7 70.0 673 67.3 27 2.7 27 2.7
2 14 21.8 193 19.3 7 0.7 25 2.5 21.8 193 19.3 7 0.7 25 2.5
0 0 70.5 668 66.8 32 3.2 37 3.7 70.6 668 66.8 34 3.4 38 3.8
0 3 69.8 674 67.4 26 2.6 24 2.4 69.9 674 67.4 27 2.7 25 2.5
0 6 69.5 672 67.2 33 3.3 23 2.3 70.1 677 67.7 33 3.3 24 2.4
0 9 70.0 678 67.8 24 2.4 22 2.2 70.5 678 67.8 24 2.4 27 2.7
0 12 71.2 686 68.6 16 1.6 26 2.6 71.3 686 68.6 17 1.7 27 2.7
1 1 71.5 671 67.1 29 2.9 44 4.4 71.8 672 67.2 30 3.0 46 4.6
1 4 69.8 677 67.7 23 2.3 21 2.1 70.0 677 67.7 23 2.3 23 2.3
1 7 69.6 674 67.4 26 2.6 22 2.2 69.7 675 67.5 27 2.7 22 2.2
1 10 69.6 673 67.3 27 2.7 23 2.3 69.8 673 67.3 28 2.8 25 2.5
1 13 70.0 675 67.5 25 2.5 25 2.5 70.1 675 67.5 26 2.6 26 2.6
2 2 70.7 675 67.5 25 2.5 32 3.2 70.8 675 67.5 26 2.6 33 3.3
2 5 69.2 666 66.6 34 3.4 26 2.6 69.3 666 66.6 35 3.5 27 2.7
2 8 69.4 672 67.2 28 2.8 22 2.2 69.4 672 67.2 29 2.9 22 2.2
2 11 70.0 673 67.3 27 2.7 27 2.7 70.0 673 67.3 27 2.7 27 2.7
2 14 21.8 193 19.3 7 0.7 25 2.5 21.8 193 19.3 7 0.7 25 2.5
0 0 70.5 666 66.6 34 3.4 39 3.9 70.6 667 66.7 33 3.3 39 3.9
0 3 69.7 672 67.2 28 2.8 25 2.5 70.0 674 67.4 26 2.6 26 2.6
0 6 69.7 672 67.2 34 3.4 25 2.5 70.6 679 67.9 32 3.2 27 2.7
0 9 70.2 678 67.8 25 2.5 24 2.4 70.8 684 68.4 26 2.6 24 2.4
0 12 71.4 686 68.6 18 1.8 28 2.8 71.5 687 68.7 18 1.8 28 2.8
1 1 71.6 669 66.9 31 3.1 47 4.7 72.1 672 67.2 29 2.9 49 4.9
1 4 70.0 677 67.7 24 2.4 23 2.3 70.2 678 67.8 24 2.4 24 2.4
1 7 69.5 673 67.3 27 2.7 22 2.2 69.8 675 67.5 26 2.6 23 2.3
1 10 69.6 671 67.1 29 2.9 25 2.5 69.8 673 67.3 27 2.7 25 2.5
1 13 69.9 673 67.3 27 2.7 26 2.6 70.0 674 67.4 26 2.6 26 2.6
2 2 70.8 675 67.5 25 2.5 33 3.3 71.0 675 67.5 27 2.7 35 3.5
2 5 69.3 664 66.4 36 3.6 29 2.9 69.4 665 66.5 35 3.5 29 2.9
2 8 69.1 669 66.9 31 3.1 22 2.2 69.2 670 67.0 31 3.1 22 2.2
2 11 70.3 673 67.3 29 2.9 30 3.0 70.3 673 67.3 29 2.9 30 3.0
2 14 22.0 193 19.3 7 0.7 27 2.7 22.0 193 19.3 7 0.7 27 2.7
0 0 70.7 668 66.8 32 3.2 39 3.9 71.1 668 66.8 35 3.5 43 4.3
0 3 69.9 672 67.2 28 2.8 27 2.7 70.0 672 67.2 33 3.3 28 2.8
0 6 70.1 674 67.4 32 3.2 27 2.7 71.1 674 67.4 37 3.7 37 3.7
0 9 70.1 677 67.7 26 2.6 24 2.4 70.7 679 67.9 26 2.6 28 2.8
0 12 71.5 687 68.7 17 1.7 28 2.8 71.9 687 68.7 21 2.1 32 3.2
1 1 71.7 670 67.0 31 3.1 47 4.7 72.2 672 67.2 31 3.1 50 5.0
1 4 69.8 675 67.5 26 2.6 23 2.3 70.4 677 67.7 26 2.6 27 2.7
1 7 70.0 675 67.5 27 2.7 25 2.5 70.2 676 67.6 33 3.3 26 2.6
1 10 69.8 673 67.3 27 2.7 25 2.5 70.2 673 67.3 30 3.0 29 2.9
1 13 70.4 675 67.5 25 2.5 29 2.9 71.0 676 67.6 29 2.9 34 3.4
2 2 70.6 673 67.3 27 2.7 33 3.3 71.1 674 67.4 26 2.6 37 3.7
2 5 69.5 666 66.6 34 3.4 29 2.9 69.9 666 66.6 37 3.7 33 3.3
2 8 69.3 671 67.1 29 2.9 22 2.2 69.5 671 67.1 32 3.2 24 2.4
2 11 70.8 675 67.5 27 2.7 33 3.3 70.9 675 67.5 31 3.1 34 3.4
2 14 22.3 193 19.3 7 0.7 30 3.0 22.8 193 19.3 7 0.7 35 3.5
