0
0
0
0
2
2
2
2
11
11
2
2
0
0
0
0
10
10
10
12
12
12
2
2
2
11
11
11
2
2
2
12
12
12
7
7
7
10
10
10
12
12
12
1
1
1
6
6
6
6
3
3
3
3
6
6
6
6
0
0
0
0
9
9
9
9
7
7
7
7
10
10
10
10
14
14
14
14
4
4
4
4
13
13
13
13
3
3
3
7
7
7
7
9
9
9
9
4
4
4
4
3
3
3
0
0
0
0
3
3
3
3
10
10
10
10
8
8
8
8
14
14
14
14
8
8
8
8
1
1
1
1
12
12
12
12
9
9
9
9
4
4
4
4
14
14
14
14
0
0
0
0
1
1
1
1
10
10
10
9
9
9
9
10
10
10
10
7
7
7
7
1
1
1
1
3
3
3
3
13
13
13
13
13
13
13
13
2
2
2
2
4
4
4
4
8
8
8
8
0
0
0
0
11
11
11
11
6
6
6
6
7
7
7
7
3
3
3
3
13
13
13
13
0
0
0
0
3
3
3
3
10
10
10
10
10
5
5
5
5
5
2
2
2
2
2
8
8
8
8
8
13
13
13
13
13
5
5
5
5
5
11
11
11
11
11
1
1
1
1
1
2
2
2
2
2
6
6
6
6
6
9
9
9
9
4
4
4
4
4
8
8
8
8
8
12
12
12
12
12
5
5
5
5
5
8
8
8
8
8
5
5
5
5
5
5
5
5
5
5
12
12
12
12
12
14
14
14
14
14
14
14
14
14
14
9
9
9
9
9
9
1
1
1
1
1
1
0
0
0
0
0
12
12
12
12
12
13
13
13
13
13
7
7
7
7
7
7
4
4
4
4
4
4
6
6
6
6
6
6
11
11
11
11
11
1
1
1
1
1
1
11
11
11
11
11
11
6
6
6
6
6
6
14
14
14
14
14
14
2
2
2
2
2
2
