27 80 11
26 1 2 3 4
5 5 6 7 8
26 1 2 3 4
4 9 10 11 12
26 1 2 3 4
3 13 14 15 16
3 17 18 19 20
3 21 22 23 24
3 25 26 27 28
3 29 30 31 32
26 1 2 3 4
2 33 34 35 36
2 37 38 39 40
26 1 2 3 4
1 41 42 43 44
1 45 46 47 48
1 49 50 51 52
1 53 54 55 56
1 57 58 59 60
1 61 62 63 64
1 65 66 67 68
1 69 70 71 72
1 73 74 75 76
1 77 78 79 80
1 29 57 58 25 77 45 31 78 26 27 65 43 70 80 12 13 48 63 56 66 6 7 75 67 64 59
1 21 41 37 33 34 35 46 49 61 1 2 53 24 47 44 39 54 62 14 15 3 40 28 71 19 4 60 76 68 52 72
1 17 30 9 22 42 18 38 36 5 73 69 79 23 10 11 32 50 55 74 51 8 16 20
2
1
1
1
1
1
1
1
2
1
1
1
1
1
2
1
2
1
1
1
1
1
1
1
1
1
1
1
1
1
1
1
1
1
1
1
1
1
1
1
2
1
1
1
1
1
1
1
1
1
1
1
2
1
1
1
1
1
1
1
1
1
1
1
1
1
1
1
1
1
1
1
1
1
1
1
1
1
1
1
1
2
1
2
1
1
1
1
1
1
2
1
1
1
1
1
