20 143 11
1 1 2 3
1 4 5 7 6
1 11 9 10 8
1 13 12 15 14
1 18 19 16 17
1 23 22 21 24 20
1 28 27 25 26 29
1 34 35 33 32 30 31
1 37 36 39 40 38 42 41
1 49 43 47 45 46 44 48
1 52 53 55 56 54 51 50
1 59 61 58 63 57 60 62
1 70 65 64 68 66 67 71 69
1 75 76 78 79 72 74 73 77
1 82 80 83 86 84 87 88 85 81
1 95 89 96 91 93 97 92 17 90 94 98
1 103 100 109 99 101 104 108 105 102 107 106
1 120 114 118 110 116 117 111 113 115 112 119
1 125 127 129 130 126 122 131 124 123 128 121
1 142 132 139 133 135 140 137 134 136 138 141
1 0 1 2 7 10 16 23 34 37 51 60 66 67 68 69 73 75 82 85 88 90 95 97 99 102 107 114 120 122 123 124 125 126 133 135 136 142*
1 1 4 6 8 12 15 18 19 24 26 29 31 36 39 42 48 49 50 52 53 59 61 62 64 65 70 76 77 78 80 81 89 91 94 96 98 101 103 104 106 119 121 127 128 132 138 140 141*
1 2 9 13 17 20 22 25 27 28 32 41 45 47 55 56 58 63 83 92 17 100 108 109 110 115 118 129 139*
1 3 3 5 11 14 21 30 33 35 38 40 43 44 46 54 57 71 72 74 79 84 86 87 93 105 111 112 113 116 117 130 131 134 137*
1
1
1
1
1
1
1
1
1
1
1
1
1
1
1
1
2
1
1
1
1
1
1
1
1
1
1
1
1
1
1
1
1
1
1
1
1
1
1
1
1
1
1
1
1
1
1
1
1
1
1
1
1
1
1
1
1
1
1
1
1
1
1
1
1
1
1
1
1
1
1
1
1
1
1
1
1
1
1
1
1
1
1
1
1
1
1
1
1
1
1
1
2
1
1
1
1
1
1
1
1
1
1
1
1
1
1
1
1
1
1
1
1
1
1
1
1
1
1
1
1
1
1
1
1
1
1
1
1
1
1
1
1
1
1
1
1
1
1
1
1
1
1