18
18
0
76
0
0
77
76
0
1
18
17
77
77
63
89
51
10
46
2
1
2
21
19
23
17
17
17
85
82
79
59
81
98
66
69
71
89
89
89
52
51
52
26
32
7
27
47
47
46
46
4
3
5
2
3
4
5
5
6
11
8
6
3
22
22
21
21
22
20
20
19
19
20
24
24
23
23
24
13
14
13
14
12
16
15
16
15
15
12
12
12
15
14
85
86
85
86
86
86
82
83
82
83
83
83
79
80
79
80
80
80
59
60
60
60
61
61
84
75
78
78
84
81
75
96
97
99
99
97
96
98
67
66
67
65
65
65
65
67
70
69
70
68
68
68
68
70
72
71
73
74
74
73
73
72
72
94
88
91
95
94
87
98
96
92
91
88
87
92
87
90
87
90
90
97
95
93
93
93
90
92
99
93
95
57
50
58
57
58
50
56
56
56
59
54
55
50
50
54
55
53
53
53
52
53
62
64
74
56
58
55
62
63
64
64
62
26
29
27
25
30
29
25
25
30
28
28
33
32
35
33
31
36
35
31
31
36
34
7
10
11
9
9
8
9
8
6
9
11
28
34
28
25
34
27
30
34
31
33
36
38
39
38
41
39
37
42
41
37
37
42
48
49
48
47
49
44
45
44
49
45
43
40
40
40
40
37
43
39
42
43
43
45
75
