4
4
2
8
2
2
8
8
4
6
1
2
2
2
8
7
7
9
8
9
3
3
4
6
6
6
6
1
1
1
1
4
4
4
4
2
2
2
2
2
2
2
2
8
8
8
8
8
7
7
7
7
7
7
7
7
7
7
7
9
9
9
9
9
9
8
8
8
8
8
8
8
9
9
9
9
9
9
9
3
3
3
3
3
3
3
3
3
3
3
3
3
3
3
4
4
4
4
4
4
4
4
6
6
6
6
6
6
6
6
7
7
7
7
7
5
5
6
5
5
5
5
5
5
5
5
5
6
5
6
5
5
5
5
6
6
0
0
0
0
1
0
0
0
0
1
1
1
1
1
1
1
1
1
1
0
0
0
0
0
0
1
0
0
1
0
5
