10
10
2
10
6
4
3
6
8
9
9
8
8
9
11
9
8
6
6
3
4
4
2
0
0
2
2
12
12
7
12
12
7
8
8
8
8
8
8
8
4
4
6
3
6
6
4
9
9
8
9
9
8
8
9
1
13
12
13
4
13
12
13
1
7
12
7
13
7
1
13
9
9
9
3
8
14
9
9
9
6
4
4
6
4
6
6
4
4
12
13
13
1
12
13
1
13
12
14
14
14
14
14
14
14
14
14
14
0
2
10
2
0
10
10
0
10
10
0
0
0
0
0
0
0
0
0
0
0
0
5
5
5
5
5
5
5
5
5
5
5
3
9
9
9
9
13
13
13
13
6
6
6
6
6
3
3
3
3
3
4
4
4
4
4
4
1
1
1
1
1
1
1
2
2
2
2
2
2
2
2
12
12
12
12
12
12
12
12
12
7
7
7
7
7
7
7
7
7
10
10
10
10
10
10
10
10
10
10
10
11
11
11
11
11
11
11
11
11
11
11
0
0
